
9999

11
12
346
321
311
753
754
755
756
757
758
306
704
1363
1364
708
1365
1366
1367
1368
1369
1370
705
1371
1372
716
722
1373
1374
1375
1376
1377
1378
1379
1380
1381
711
712
713
715
740
1382
1383
729
738
1384
1385
1386
1387
1388
1389
1390
1391
1392
1393
745
746
347
747
179
250
317
325
80


81





414
432
446
448
449
447
427
428
435
402
781
767
433
421
405
406
407
408
409
410
430
411
412
431
455
413
500
501
503
599
502
504
763
765
1639
1640
764
766
1641
771
1642
788
1643
1644
1645
1646
1647
1648
1649
1650
1651
1652
601
602
163
164
15


16


9

146
345
450
499
400
600
699